NAME: oliver30
TYPE: TSP
COMMENT: -
DIMENSION: 30
EDGE_WEIGHT_TYPE: EXPLICIT
EDGE_WEIGHT_FORMAT: FULL_MATRIX 
DISPLAY_DATA_TYPE: TWOD_DISPLAY
EDGE_WEIGHT_SECTION
 0.0000 31.2570 39.2046 40.3113 57.7754 54.4243 62.1289 69.0000 72.1803 65.9697 68.4471 64.1405 69.9714 91.8096 98.4124 85.0235 80.0562 83.8689 82.8794 83.4865 83.2947 81.0247 76.4853 72.0694 69.3181 49.7695 44.2719 51.3128 40.3113 35.3553
 31.2570 0.0000 11.3137 20.8806 34.8281 30.4795 32.0156 38.2099 43.4626 38.5876 45.2769 44.1022 49.4065 70.9366 75.0733 93.6056 90.6201 72.4224 70.2282 74.7329 94.9368 78.0256 73.0274 67.1193 66.0000 51.4198 49.0408 47.0956 33.1361 29.6142
 39.2046 11.3137 0.0000 12.1655 23.6008 19.2094 23.0000 30.2655 33.2415 27.7308 33.9706 33.1210 38.2753 59.6657 63.7809 89.0505 86.8332 62.5859 60.1664 65.4905 91.4166 70.2567 65.2763 59.1354 58.5491 46.5188 45.4863 40.5216 27.3130 25.2389
 40.3113 20.8806 12.1655 0.0000 17.4642 14.3178 27.7308 35.7771 34.1321 27.0000 28.1780 24.7588 30.4795 52.4976 58.3095 77.3692 75.4718 51.5461 49.3964 53.9351 80.1561 58.1378 53.1507 47.0425 46.3897 34.9857 34.7131 28.4605 15.8114 15.0000
 57.7754 34.8281 23.6008 17.4642 0.0000 4.4721 21.0238 28.0179 20.5913 13.0384 10.8167 10.1980 14.7648 36.1248 41.0488 80.2808 79.9062 42.0000 39.0512 46.3897 84.8528 54.7814 50.1597 43.8634 44.7772 41.0488 43.3820 32.0156 25.7099 28.0713
 54.4243 30.4795 19.2094 14.3178 4.4721 0.0000 18.6011 26.1725 20.8806 13.3417 14.8661 14.5602 19.2354 40.4599 45.0000 82.2010 81.4678 46.0435 43.1856 50.1597 86.3713 57.8705 53.1413 46.8188 47.4236 41.8688 43.5660 33.2415 25.0799 26.6833
 62.1289 32.0156 23.0000 27.7308 21.0238 18.6011 0.0000 8.0623 12.7279 12.1655 25.0000 29.8329 32.0624 48.3839 48.8774 100.8018 100.0050 61.6604 58.4209 66.7083 104.8904 75.7694 71.1758 64.8845 65.7647 60.1082 61.2209 51.7397 42.2019 42.5441
 69.0000 38.2099 30.2655 35.7771 28.0179 26.1725 8.0623 0.0000 13.1529 16.7631 29.8329 35.8469 37.1080 50.6360 49.3964 108.2312 107.6290 66.9403 63.5610 72.4224 112.5389 82.2922 77.8267 71.5891 72.7186 67.9412 69.2026 59.4138 50.2195 50.6063
 72.1803 43.4626 33.2415 34.1321 20.5913 20.8806 12.7279 13.1529 0.0000 7.6158 18.3576 25.6125 25.4951 37.4833 36.6742 99.7246 99.8248 55.0273 51.5461 60.9262 104.8046 71.8679 67.6757 61.6117 63.2535 61.5873 63.9531 52.4309 45.8803 47.5395
 65.9697 38.5876 27.7308 27.0000 13.0384 13.3417 12.1655 16.7631 7.6158 0.0000 13.1529 19.2354 20.3961 36.4005 37.8021 92.7631 92.6553 50.2195 46.8722 55.6597 97.6217 65.7647 61.4003 55.2268 56.6127 54.0833 56.3560 45.0000 38.2753 40.0250
 68.4471 45.2769 33.9706 28.1780 10.8167 14.8661 25.0000 29.8329 18.3576 13.1529 0.0000 8.0623 7.2801 25.8070 30.2324 82.0731 82.6196 37.1080 33.7343 42.7200 87.6185 53.5350 49.4065 43.4166 45.2769 46.2385 49.7293 36.7696 34.0000 37.2156
 64.1405 44.1022 33.1210 24.7588 10.1980 14.5602 29.8329 35.8469 25.6125 19.2354 8.0623 0.0000 5.8310 27.8029 34.5398 74.2496 74.6525 32.0624 29.0000 36.8782 79.6492 46.5296 42.1900 36.0555 37.6431 38.2753 41.9762 28.7924 27.2947 31.0483
 69.9714 49.4065 38.2753 30.4795 14.7648 19.2354 32.0624 37.1080 25.4951 20.3961 7.2801 5.8310 0.0000 22.0227 28.7924 75.9276 76.8440 29.8329 26.4764 35.4683 81.8413 46.6154 42.6380 36.7967 38.9487 42.2019 46.3897 32.7567 32.7567 36.6879
 91.8096 70.9366 59.6657 52.4976 36.1248 40.4599 48.3839 50.6360 37.4833 36.4005 25.8070 27.8029 22.0227 0.0000 10.7703 82.7647 85.4400 28.3019 25.0599 35.5106 90.2497 50.1199 47.9270 43.9659 47.5395 58.1378 63.5059 49.4975 53.3104 57.6975
 98.4124 75.0733 63.7809 58.3095 41.0488 45.0000 48.8774 49.3964 36.6742 37.8021 30.2324 34.5398 28.7924 10.7703 0.0000 93.5201 96.2081 38.9487 35.7771 46.1411 101.0198 60.8276 58.6941 54.7083 58.2409 68.0000 73.1095 59.0762 61.4003 65.4599
 85.0235 93.6056 89.0505 77.3692 80.2808 82.2010 100.8018 108.2312 99.7246 92.7631 82.0731 74.2496 75.9276 82.7647 93.5201 0.0000 7.0711 54.7814 57.7754 47.7598 9.2195 32.8938 34.8855 39.6611 37.0135 42.5441 44.6430 49.3964 61.7414 64.2573
 80.0562 90.6201 86.8332 75.4718 79.9062 81.4678 100.0050 107.6290 99.8248 92.6553 82.6196 74.6525 76.8440 85.4400 96.2081 7.0711 0.0000 57.9741 60.7289 51.1957 5.0000 36.4966 37.6431 41.6293 38.4708 40.4969 41.6293 48.2701 59.6825 61.7171
 83.8689 72.4224 62.5859 51.5461 42.0000 46.0435 61.6604 66.9403 55.0273 50.2195 37.1080 32.0624 29.8329 28.3019 38.9487 54.7814 57.9741 0.0000 3.6056 7.2111 62.6418 21.9317 20.3961 18.1108 22.2036 38.9487 45.2769 33.3017 43.8292 48.8262
 82.8794 70.2282 60.1664 49.3964 39.0512 43.1856 58.4209 63.5610 51.5461 46.8722 33.7343 29.0000 26.4764 25.0599 35.7771 57.7754 60.7289 3.6056 0.0000 10.6301 65.4599 25.0599 23.0868 20.0250 24.0000 39.3954 45.6180 33.0151 42.6380 47.6340
 83.4865 74.7329 65.4905 53.9351 46.3897 50.1597 66.7083 72.4224 60.9262 55.6597 42.7200 36.8782 35.4683 35.5106 46.1411 47.7598 51.1957 7.2111 10.6301 0.0000 55.7853 14.8661 14.0000 13.4164 17.4642 36.2353 42.6380 32.2025 44.2832 49.1935
 83.2947 94.9368 91.4166 80.1561 84.8528 86.3713 104.8904 112.5389 104.8046 97.6217 87.6185 79.6492 81.8413 90.2497 101.0198 9.2195 5.0000 62.6418 65.4599 55.7853 0.0000 41.0000 42.3792 46.5188 43.4166 45.2217 46.0652 53.1507 64.3506 66.2420
 81.0247 78.0256 70.2567 58.1378 54.7814 57.8705 75.7694 82.2922 71.8679 65.7647 53.5350 46.5296 46.6154 50.1199 60.8276 32.8938 36.4966 21.9317 25.0599 14.8661 41.0000 0.0000 5.0000 11.1803 12.1655 31.3050 37.2156 31.4006 45.2769 49.6488
 76.4853 73.0274 65.2763 53.1507 50.1597 53.1413 71.1758 77.8267 67.6757 61.4003 49.4065 42.1900 42.6380 47.9270 58.6941 34.8855 37.6431 20.3961 23.0868 14.0000 42.3792 5.0000 0.0000 6.3246 7.2801 26.9258 33.0151 26.4764 40.3113 44.7214
 72.0694 67.1193 59.1354 47.0425 43.8634 46.8188 64.8845 71.5891 61.6117 55.2268 43.4166 36.0555 36.7967 43.9659 54.7083 39.6611 41.6293 18.1108 20.0250 13.4164 46.5188 11.1803 6.3246 0.0000 4.1231 23.3452 29.6985 21.1896 34.7131 39.2938
 69.3181 66.0000 58.5491 46.3897 44.7772 47.4236 65.7647 72.7186 63.2535 56.6127 45.2769 37.6431 38.9487 47.5395 58.2409 37.0135 38.4708 22.2036 24.0000 17.4642 43.4166 12.1655 7.2801 4.1231 0.0000 20.0000 26.2488 19.2354 33.1361 37.4833
 49.7695 51.4198 46.5188 34.9857 41.0488 41.8688 60.1082 67.9412 61.5873 54.0833 46.2385 38.2753 42.2019 58.1378 68.0000 42.5441 40.4969 38.9487 39.3954 36.2353 45.2217 31.3050 26.9258 23.3452 20.0000 0.0000 6.4031 9.4868 19.2354 21.8403
 44.2719 49.0408 45.4863 34.7131 43.3820 43.5660 61.2209 69.2026 63.9531 56.3560 49.7293 41.9762 46.3897 63.5059 73.1095 44.6430 41.6293 45.2769 45.6180 42.6380 46.0652 37.2156 33.0151 29.6985 26.2488 6.4031 0.0000 14.0357 19.1050 20.2485
 51.3128 47.0956 40.5216 28.4605 32.0156 33.2415 51.7397 59.4138 52.4309 45.0000 36.7696 28.7924 32.7567 49.4975 59.0762 49.3964 48.2701 33.3017 33.0151 32.2025 53.1507 31.4006 26.4764 21.1896 19.2354 9.4868 14.0357 0.0000 14.0000 18.2483
 40.3113 33.1361 27.3130 15.8114 25.7099 25.0799 42.2019 50.2195 45.8803 38.2753 34.0000 27.2947 32.7567 53.3104 61.4003 61.7414 59.6825 43.8292 42.6380 44.2832 64.3506 45.2769 40.3113 34.7131 33.1361 19.2354 19.1050 14.0000 0.0000 5.0000
 35.3553 29.6142 25.2389 15.0000 28.0713 26.6833 42.5441 50.6063 47.5395 40.0250 37.2156 31.0483 36.6879 57.6975 65.4599 64.2573 61.7171 48.8262 47.6340 49.1935 66.2420 49.6488 44.7214 39.2938 37.4833 21.8403 20.2485 18.2483 5.0000 0.0000
DISPLAY_DATA_SECTION
1 87 7 
2 91 38 
3 83 46 
4 71 44 
5 64 60 
6 68 58 
7 83 69 
8 87 76 
9 74 78 
10 71 71 
11 58 69 
12 54 62 
13 51 67 
14 37 84 
15 41 94 
16 2 9 
17 7 4 
18 22 60 
19 25 62 
20 18 54 
21 4 0 
22 13 40 
23 18 40 
24 24 42 
25 25 38 
26 41 26 
27 45 21 
28 44 35 
29 58 35 
30 62 32
EOF
